[Molden Format]

[FREQ]
578.66
627.84
1446.75
2611.77

[FR-COORD]
O       -1.04849       0.06946       -0.00000       
C       0.00000       -0.37919       -0.00000       
O       1.04849       -0.82784       0.00000       

[FR-NORM-COORD]
vibration 1
           -0.0000000000        0.0000000000        0.0658000000        
           -0.0000000000        0.0000000000        -0.2678100000        
           0.0000000000        -0.0000000000        0.0658000000        
vibration 2
           0.0363300000        0.0849100000        0.0000000000        
           -0.0967700000        -0.2262000000        -0.0000000000        
           0.0363300000        0.0849100000        0.0000000000        
vibration 3
           0.1625300000        -0.0695300000        0.0000000000        
           -0.0000000000        0.0000000000        -0.0000000000        
           -0.1625300000        0.0695300000        0.0000000000        
vibration 4
           -0.0849100000        0.0363200000        0.0000000000        
           0.2262100000        -0.0967700000        -0.0000000000        
           -0.0849100000        0.0363200000        0.0000000000        
