[Molden Format]

[FREQ]
0.0
0.0
0.0
21.04
21.04
76.75
82.91
89.91
89.91
107.58
107.58
114.68
135.2
135.92
135.92
154.47
154.47
154.52
154.52
187.82
187.82
188.48
196.65
199.61
204.76
209.56
221.28
242.68
249.47
252.76
257.01
262.91
262.91
266.93
312.67
312.67
325.84
325.84
340.82
371.84
376.87
376.87
381.56
381.56
418.33
419.84
422.34
423.87
423.87
431.96
436.49
440.35
473.2
473.2
479.08
479.08
520.91
520.96
528.45
535.16
560.9
560.9
594.69
605.34
638.41
638.41
650.12
660.77
700.84
700.84
701.57
705.57

[FR-COORD]
O       2.19680103       6.52687210       0.00000000
O       0.31293220       2.19680103       3.39418452
O       6.52687210       4.64300327       3.39418452
O       4.64300327       0.31293220       0.00000000
O       6.03314938       5.18299686       0.00000000
O       1.65680744       6.03314938       3.39418452
O       5.18299686       0.80665492       3.39418452
O       0.80665492       1.65680744       0.00000000
O       2.80994961       1.30285269       2.07776893
O       5.53695161       2.80994961       5.47195345
O       1.30285269       4.02985469       5.47195345
O       4.02985469       5.53695161       2.07776893
O       4.02985469       5.53695161       4.71060012
O       1.30285269       4.02985469       1.31641560
O       5.53695161       2.80994961       1.31641560
O       2.80994961       1.30285269       4.71060012
Sr       0.00000000       0.00000000       1.69709226
Sr       0.00000000       0.00000000       5.09127679
Te       3.84876417       5.33756372       0.00000000
Te       1.50224058       3.84876417       3.39418452
Te       5.33756372       2.99104013       3.39418452
Te       2.99104013       1.50224058       0.00000000
Te       0.00000000       3.41990215       0.00000000
Te       3.41990215       0.00000000       3.39418452

[FR-NORM-COORD]
vibration 1
       0.11562063       0.00000008       0.00000000
       0.11562080       -0.00000000       0.00000000
       0.11562080       -0.00000000       -0.00000000
       0.11562063       0.00000008       0.00000000
       0.11562038       -0.00000029       0.00000000
       0.11562104       0.00000008       0.00000000
       0.11562104       0.00000008       -0.00000000
       0.11562038       -0.00000029       -0.00000000
       0.11562105       0.00000039       -0.00000001
       0.11562033       0.00000040       -0.00000002
       0.11562033       0.00000040       0.00000002
       0.11562105       0.00000039       0.00000001
       0.11562105       0.00000039       -0.00000001
       0.11562033       0.00000040       -0.00000002
       0.11562033       0.00000040       0.00000002
       0.11562105       0.00000039       0.00000001
       0.27057356       -0.00000449       0.00000000
       0.27057356       -0.00000449       -0.00000000
       0.32651936       0.00000012       0.00000000
       0.32651945       -0.00000085       0.00000000
       0.32651945       -0.00000085       -0.00000000
       0.32651936       0.00000012       0.00000000
       0.32651891       -0.00000113       -0.00000000
       0.32651995       0.00000069       0.00000000
vibration 2
       0.00000000       0.11562080       -0.00000048
       -0.00000008       0.11562063       -0.00000048
       -0.00000008       0.11562063       -0.00000048
       0.00000000       0.11562080       -0.00000048
       -0.00000008       0.11562104       -0.00000048
       0.00000029       0.11562038       -0.00000048
       0.00000029       0.11562038       -0.00000048
       -0.00000008       0.11562104       -0.00000048
       -0.00000040       0.11562033       -0.00000046
       -0.00000039       0.11562105       -0.00000049
       -0.00000039       0.11562105       -0.00000047
       -0.00000040       0.11562033       -0.00000050
       -0.00000040       0.11562033       -0.00000046
       -0.00000039       0.11562105       -0.00000049
       -0.00000039       0.11562105       -0.00000047
       -0.00000040       0.11562033       -0.00000050
       0.00000449       0.27057356       -0.00000112
       0.00000449       0.27057356       -0.00000112
       0.00000085       0.32651945       -0.00000135
       -0.00000012       0.32651936       -0.00000135
       -0.00000012       0.32651936       -0.00000135
       0.00000085       0.32651945       -0.00000135
       -0.00000069       0.32651995       -0.00000135
       0.00000113       0.32651891       -0.00000135
vibration 3
       0.00000000       -0.00000048       -0.11562071
       0.00000000       -0.00000048       -0.11562071
       0.00000000       -0.00000048       -0.11562071
       0.00000000       -0.00000048       -0.11562071
       0.00000000       -0.00000048       -0.11562076
       -0.00000000       -0.00000048       -0.11562076
       -0.00000000       -0.00000048       -0.11562076
       0.00000000       -0.00000048       -0.11562076
       -0.00000033       -0.00000061       -0.11562068
       0.00000013       -0.00000081       -0.11562068
       -0.00000013       -0.00000015       -0.11562068
       0.00000033       -0.00000035       -0.11562068
       -0.00000033       -0.00000061       -0.11562068
       0.00000013       -0.00000081       -0.11562068
       -0.00000013       -0.00000015       -0.11562068
       0.00000033       -0.00000035       -0.11562068
       -0.00000000       -0.00000112       -0.27057361
       -0.00000000       -0.00000112       -0.27057361
       -0.00000000       -0.00000135       -0.32651933
       0.00000000       -0.00000135       -0.32651933
       0.00000000       -0.00000135       -0.32651933
       -0.00000000       -0.00000135       -0.32651933
       0.00000000       -0.00000135       -0.32651950
       -0.00000000       -0.00000135       -0.32651950
vibration 4
       0.00000000       0.00000000       0.11836514
       0.00000000       0.00000000       -0.05817549
       0.00000000       0.00000000       0.05817549
       0.00000000       0.00000000       -0.11836514
       0.00000000       0.00000000       -0.11746883
       0.00000000       0.00000000       -0.16987995
       0.00000000       0.00000000       0.16987995
       0.00000000       0.00000000       0.11746883
       0.18517466       0.11285044       0.02168383
       0.03929353       -0.05700453       -0.00657565
       0.03929353       -0.05700453       0.00657565
       0.18517466       0.11285044       -0.02168383
       -0.18517466       -0.11285044       -0.02168383
       -0.03929353       0.05700453       0.00657565
       -0.03929353       0.05700453       -0.00657565
       -0.18517466       -0.11285044       0.02168383
       -0.52965272       -0.20274418       0.00000000
       0.52965272       0.20274418       0.00000000
       0.00000000       0.00000000       -0.10376558
       0.00000000       0.00000000       -0.05365699
       0.00000000       0.00000000       0.05365699
       0.00000000       0.00000000       0.10376558
       0.00000000       0.00000000       0.00000000
       0.00000000       0.00000000       0.00000000
vibration 5
       0.00000000       -0.00000000       0.05817549
       0.00000000       -0.00000000       0.11836514
       0.00000000       -0.00000000       -0.11836514
       0.00000000       -0.00000000       -0.05817549
       0.00000000       -0.00000000       0.16987995
       -0.00000000       -0.00000000       -0.11746883
       -0.00000000       -0.00000000       0.11746883
       0.00000000       -0.00000000       -0.16987995
       0.05700453       0.03929353       0.00657565
       -0.11285044       0.18517466       0.02168383
       -0.11285044       0.18517466       -0.02168383
       0.05700453       0.03929353       -0.00657565
       -0.05700453       -0.03929353       -0.00657565
       0.11285044       -0.18517466       -0.02168383
       0.11285044       -0.18517466       0.02168383
       -0.05700453       -0.03929353       0.00657565
       -0.20274418       0.52965272       -0.00000000
       0.20274418       -0.52965272       -0.00000000
       -0.00000000       -0.00000000       0.05365699
       0.00000000       -0.00000000       -0.10376558
       0.00000000       -0.00000000       0.10376558
       -0.00000000       -0.00000000       -0.05365699
       0.00000000       -0.00000000       -0.00000000
       -0.00000000       -0.00000000       -0.00000000
vibration 6
       0.00000000       0.00000000       -0.14552561
       0.00000000       -0.00000000       0.14552561
       -0.00000000       -0.00000000       0.14552561
       0.00000000       0.00000000       -0.14552561
       -0.00000000       -0.00000000       0.01172636
       0.00000000       0.00000000       -0.01172636
       0.00000000       -0.00000000       -0.01172636
       0.00000000       0.00000000       0.01172636
       -0.02749311       -0.03460792       -0.10710578
       -0.03460792       0.02749311       0.10710578
       0.03460792       -0.02749311       0.10710578
       0.02749311       0.03460792       -0.10710578
       -0.02749311       -0.03460792       -0.10710578
       -0.03460792       0.02749311       0.10710578
       0.03460792       -0.02749311       0.10710578
       0.02749311       0.03460792       -0.10710578
       0.00000000       -0.00000000       0.00000000
       -0.00000000       -0.00000000       0.00000000
       -0.00000000       0.00000000       -0.37830230
       -0.00000000       0.00000000       0.37830230
       -0.00000000       -0.00000000       0.37830230
       0.00000000       0.00000000       -0.37830230
       -0.00000000       -0.00000000       0.34270017
       0.00000000       0.00000000       -0.34270017
vibration 7
       -0.00794574       0.07557641       0.00000000
       0.07557641       0.00794574       -0.00000000
       -0.07557641       -0.00794574       -0.00000000
       0.00794574       -0.07557641       0.00000000
       -0.12290325       -0.07333951       0.00000000
       -0.07333951       0.12290325       0.00000000
       0.07333951       -0.12290325       -0.00000000
       0.12290325       0.07333951       0.00000000
       0.14639596       0.05787576       -0.00376358
       0.05787576       -0.14639596       0.00376358
       -0.05787576       0.14639596       0.00376358
       -0.14639596       -0.05787576       -0.00376358
       -0.14639596       -0.05787576       0.00376358
       -0.05787576       0.14639596       -0.00376358
       0.05787576       -0.14639596       -0.00376358
       0.14639596       0.05787576       0.00376358
       0.00000000       0.00000000       -0.17272992
       0.00000000       0.00000000       0.17272992
       -0.38295381       -0.11215463       0.00000000
       -0.11215463       0.38295381       -0.00000000
       0.11215463       -0.38295381       -0.00000000
       0.38295381       0.11215463       0.00000000
       -0.00000000       0.00000000       -0.00000000
       0.00000000       -0.00000000       0.00000000
vibration 8
       0.01797325       -0.05442973       -0.00000000
       -0.08969934       -0.00000000       -0.00000000
       -0.08969934       -0.00000000       0.00000000
       0.01797325       -0.05442973       -0.00000000
       0.00930888       0.05654560       0.00000000
       -0.03565183       -0.04798377       0.00000000
       -0.03565183       -0.04798377       0.00000000
       0.00930888       0.05654560       0.00000000
       -0.05286851       -0.12143964       -0.00465777
       -0.04239378       0.02386085       0.00971062
       -0.04239378       0.02386085       -0.00971062
       -0.05286851       -0.12143964       0.00465777
       -0.05286851       -0.12143964       -0.00465777
       -0.04239378       0.02386085       0.00971062
       -0.04239378       0.02386085       -0.00971062
       -0.05286851       -0.12143964       0.00465777
       0.27792068       0.40527777       0.00000000
       0.27792068       0.40527777       -0.00000000
       0.14507983       -0.23885374       -0.00000000
       -0.25488338       0.06657931       0.00000000
       -0.25488338       0.06657931       0.00000000
       0.14507983       -0.23885374       -0.00000000
       -0.05199419       0.13434439       0.00000000
       0.01539367       -0.29078656       -0.00000000
vibration 9
       0.00000000       -0.08969934       -0.00000000
       0.05442973       0.01797325       0.00000000
       0.05442973       0.01797325       0.00000000
       0.00000000       -0.08969934       -0.00000000
       0.04798377       -0.03565183       -0.00000000
       -0.05654560       0.00930888       -0.00000000
       -0.05654560       0.00930888       -0.00000000
       0.04798377       -0.03565183       0.00000000
       -0.02386085       -0.04239378       -0.00971062
       0.12143964       -0.05286851       -0.00465777
       0.12143964       -0.05286851       0.00465777
       -0.02386085       -0.04239378       0.00971062
       -0.02386085       -0.04239378       -0.00971062
       0.12143964       -0.05286851       -0.00465777
       0.12143964       -0.05286851       0.00465777
       -0.02386085       -0.04239378       0.00971062
       -0.40527777       0.27792068       -0.00000000
       -0.40527777       0.27792068       -0.00000000
       -0.06657931       -0.25488338       -0.00000000
       0.23885374       0.14507983       0.00000000
       0.23885374       0.14507983       0.00000000
       -0.06657931       -0.25488338       -0.00000000
       0.29078656       0.01539367       0.00000000
       -0.13434439       -0.05199419       -0.00000000
vibration 10
       0.17139723       0.03362534       0.00000000
       -0.06143950       -0.00000000       -0.00000000
       -0.06143950       -0.00000000       0.00000000
       0.17139723       0.03362534       -0.00000000
       0.04997001       -0.05121934       -0.00000000
       -0.02511814       0.06601552       -0.00000000
       -0.02511814       0.06601552       -0.00000000
       0.04997001       -0.05121934       -0.00000000
       0.09032339       0.08861861       -0.00117653
       -0.03037494       -0.04982283       0.00773855
       -0.03037494       -0.04982283       -0.00773855
       0.09032339       0.08861861       0.00117653
       0.09032339       0.08861861       -0.00117653
       -0.03037494       -0.04982283       0.00773855
       -0.03037494       -0.04982283       -0.00773855
       0.09032339       0.08861861       0.00117653
       -0.27350676       0.05357744       -0.00000000
       -0.27350676       0.05357744       -0.00000000
       0.44435602       0.05053367       0.00000000
       -0.28999574       -0.07091864       -0.00000000
       -0.28999574       -0.07091864       0.00000000
       0.44435602       0.05053367       0.00000000
       0.06258541       -0.26441871       -0.00000000
       -0.09840144       0.12715832       0.00000000
vibration 11
       -0.00000000       0.06143950       0.00000000
       0.03362534       -0.17139723       0.00000000
       0.03362534       -0.17139723       0.00000000
       -0.00000000       0.06143950       0.00000000
       0.06601552       0.02511814       -0.00000000
       -0.05121934       -0.04997001       -0.00000000
       -0.05121934       -0.04997001       -0.00000000
       0.06601552       0.02511814       -0.00000000
       -0.04982283       0.03037494       0.00773855
       0.08861861       -0.09032339       0.00117653
       0.08861861       -0.09032339       -0.00117653
       -0.04982283       0.03037494       -0.00773855
       -0.04982283       0.03037494       0.00773855
       0.08861861       -0.09032339       0.00117653
       0.08861861       -0.09032339       -0.00117653
       -0.04982283       0.03037494       -0.00773855
       0.05357744       0.27350676       -0.00000000
       0.05357744       0.27350676       -0.00000000
       -0.07091864       0.28999574       0.00000000
       0.05053367       -0.44435602       0.00000000
       0.05053367       -0.44435602       0.00000000
       -0.07091864       0.28999574       0.00000000
       0.12715832       0.09840144       0.00000000
       -0.26441871       -0.06258541       0.00000000
vibration 12
       -0.00000000       -0.00000000       0.05634536
       -0.00000000       0.00000000       0.05634536
       -0.00000000       0.00000000       0.05634536
       -0.00000000       -0.00000000       0.05634536
       -0.00000000       -0.00000000       -0.10291925
       0.00000000       0.00000000       -0.10291925
       0.00000000       0.00000000       -0.10291925
       -0.00000000       -0.00000000       -0.10291925
       -0.02329181       0.01590759       0.02291500
       -0.01590759       -0.02329181       0.02291500
       0.01590759       0.02329181       0.02291500
       0.02329181       -0.01590759       0.02291500
       -0.02329181       0.01590759       0.02291500
       -0.01590759       -0.02329181       0.02291500
       0.01590759       0.02329181       0.02291500
       0.02329181       -0.01590759       0.02291500
       0.00000000       -0.00000000       -0.60497920
       0.00000000       -0.00000000       -0.60497920
       0.00000000       -0.00000000       0.22087462
       -0.00000000       0.00000000       0.22087462
       -0.00000000       0.00000000       0.22087462
       0.00000000       -0.00000000       0.22087462
       -0.00000000       -0.00000000       0.06009990
       0.00000000       0.00000000       0.06009990
vibration 13
       0.00179497       0.06051390       -0.00000000
       -0.06051390       0.00179497       -0.00000000
       0.06051390       -0.00179497       0.00000000
       -0.00179497       -0.06051390       0.00000000
       -0.03863807       -0.03667273       -0.00000000
       0.03667273       -0.03863807       -0.00000000
       -0.03667273       0.03863807       0.00000000
       0.03863807       0.03667273       0.00000000
       0.00745678       0.02126885       -0.01031956
       -0.02126885       0.00745678       -0.01031956
       0.02126885       -0.00745678       -0.01031956
       -0.00745678       -0.02126885       -0.01031956
       -0.00745678       -0.02126885       0.01031956
       0.02126885       -0.00745678       0.01031956
       -0.02126885       0.00745678       0.01031956
       0.00745678       0.02126885       0.01031956
       0.00000000       0.00000000       -0.00000000
       -0.00000000       -0.00000000       0.00000000
       -0.47443994       -0.13105296       0.00000000
       0.13105296       -0.47443994       -0.00000000
       -0.13105296       0.47443994       0.00000000
       0.47443994       0.13105296       -0.00000000
       0.00000000       0.00000000       -0.00000000
       -0.00000000       0.00000000       -0.00000000
vibration 14
       0.00000000       0.00000000       -0.10233544
       -0.00000000       0.00000000       0.18517929
       0.00000000       -0.00000000       -0.18517929
       0.00000000       -0.00000000       0.10233544
       -0.00000000       -0.00000000       0.09964289
       0.00000000       -0.00000000       0.10862154
       -0.00000000       0.00000000       -0.10862154
       0.00000000       0.00000000       -0.09964289
       -0.17352706       -0.04456314       0.00443920
       -0.08153521       0.18595570       0.02085804
       -0.08153521       0.18595570       -0.02085804
       -0.17352706       -0.04456314       -0.00443920
       0.17352706       0.04456314       -0.00443920
       0.08153521       -0.18595570       -0.02085804
       0.08153521       -0.18595570       0.02085804
       0.17352706       0.04456314       0.00443920
       -0.17194080       -0.14228079       -0.00000000
       0.17194080       0.14228079       -0.00000000
       -0.00000000       -0.00000000       -0.44250686
       0.00000000       -0.00000000       0.20082175
       -0.00000000       0.00000000       -0.20082175
       0.00000000       0.00000000       0.44250686
       0.00000000       -0.00000000       0.00000000
       -0.00000000       -0.00000000       0.00000000
vibration 15
       0.00000000       0.00000000       0.18517929
       -0.00000000       -0.00000000       0.10233544
       0.00000000       -0.00000000       -0.10233544
       -0.00000000       -0.00000000       -0.18517929
       -0.00000000       -0.00000000       0.10862154
       0.00000000       -0.00000000       -0.09964289
       -0.00000000       0.00000000       0.09964289
       0.00000000       0.00000000       -0.10862154
       0.18595570       0.08153521       0.02085804
       -0.04456314       0.17352706       -0.00443920
       -0.04456314       0.17352706       0.00443920
       0.18595570       0.08153521       -0.02085804
       -0.18595570       -0.08153521       -0.02085804
       0.04456314       -0.17352706       0.00443920
       0.04456314       -0.17352706       -0.00443920
       -0.18595570       -0.08153521       0.02085804
       0.14228079       -0.17194080       -0.00000000
       -0.14228079       0.17194080       -0.00000000
       -0.00000000       -0.00000000       0.20082175
       0.00000000       -0.00000000       0.44250686
       -0.00000000       0.00000000       -0.44250686
       0.00000000       0.00000000       -0.20082175
       0.00000000       0.00000000       -0.00000000
       0.00000000       -0.00000000       -0.00000000
vibration 16
       0.00000000       -0.00000000       -0.07177519
       -0.00000000       -0.00000000       0.21473941
       -0.00000000       -0.00000000       -0.21473941
       0.00000000       -0.00000000       0.07177519
       0.00000000       0.00000000       0.08977313
       -0.00000000       0.00000000       0.02561507
       -0.00000000       0.00000000       -0.02561507
       0.00000000       0.00000000       -0.08977313
       -0.04782107       -0.07742958       -0.03275311
       -0.16026589       0.10917591       0.07394507
       -0.16026589       0.10917591       -0.07394507
       -0.04782107       -0.07742958       0.03275311
       0.04782107       0.07742958       0.03275311
       0.16026589       -0.10917591       -0.07394507
       0.16026589       -0.10917591       0.07394507
       0.04782107       0.07742958       -0.03275311
       -0.09367977       -0.32554550       0.00000000
       0.09367977       0.32554550       0.00000000
       0.00000000       -0.00000000       0.33500502
       -0.00000000       -0.00000000       -0.32890893
       -0.00000000       -0.00000000       0.32890893
       0.00000000       -0.00000000       -0.33500502
       0.00000000       0.00000000       -0.00000000
       -0.00000000       0.00000000       -0.00000000
vibration 17
       0.00000000       0.00000000       0.21473941
       -0.00000000       -0.00000000       0.07177519
       -0.00000000       -0.00000000       -0.07177519
       0.00000000       0.00000000       -0.21473941
       0.00000000       0.00000000       0.02561507
       0.00000000       -0.00000000       -0.08977313
       0.00000000       -0.00000000       0.08977313
       0.00000000       0.00000000       -0.02561507
       0.10917591       0.16026589       0.07394507
       -0.07742958       0.04782107       0.03275311
       -0.07742958       0.04782107       -0.03275311
       0.10917591       0.16026589       -0.07394507
       -0.10917591       -0.16026589       -0.07394507
       0.07742958       -0.04782107       -0.03275311
       0.07742958       -0.04782107       0.03275311
       -0.10917591       -0.16026589       0.07394507
       0.32554550       -0.09367977       0.00000000
       -0.32554550       0.09367977       0.00000000
       0.00000000       -0.00000000       -0.32890893
       -0.00000000       -0.00000000       -0.33500502
       -0.00000000       -0.00000000       0.33500502
       0.00000000       -0.00000000       0.32890893
       0.00000000       0.00000000       -0.00000000
       0.00000000       -0.00000000       -0.00000000
vibration 18
       -0.02305115       0.03690220       -0.00000000
       0.01045857       -0.00000000       0.00000000
       0.01045857       -0.00000000       -0.00000000
       -0.02305115       0.03690220       0.00000000
       -0.04150884       -0.01455838       0.00000000
       0.11470715       -0.02831145       0.00000000
       0.11470715       -0.02831145       -0.00000000
       -0.04150884       -0.01455838       -0.00000000
       0.22046351       -0.07498995       -0.00222444
       -0.04476759       -0.08265066       0.00063088
       -0.04476759       -0.08265066       -0.00063088
       0.22046351       -0.07498995       0.00222444
       0.22046351       -0.07498995       -0.00222444
       -0.04476759       -0.08265066       0.00063088
       -0.04476759       -0.08265066       -0.00063088
       0.22046351       -0.07498995       0.00222444
       -0.18963819       0.17184808       -0.00000000
       -0.18963819       0.17184808       -0.00000000
       -0.11866113       0.19103630       0.00000000
       -0.00352789       -0.00642602       -0.00000000
       -0.00352789       -0.00642602       0.00000000
       -0.11866113       0.19103630       -0.00000000
       -0.26165992       -0.07026716       -0.00000000
       0.52855496       -0.35624825       0.00000000
vibration 19
       -0.00000000       -0.01045857       0.00000000
       0.03690220       0.02305115       0.00000000
       0.03690220       0.02305115       -0.00000000
       -0.00000000       -0.01045857       -0.00000000
       -0.02831145       -0.11470715       0.00000000
       -0.01455838       0.04150884       -0.00000000
       -0.01455838       0.04150884       0.00000000
       -0.02831145       -0.11470715       -0.00000000
       -0.08265066       0.04476759       0.00063088
       -0.07498995       -0.22046351       0.00222444
       -0.07498995       -0.22046351       -0.00222444
       -0.08265066       0.04476759       -0.00063088
       -0.08265066       0.04476759       0.00063088
       -0.07498995       -0.22046351       0.00222444
       -0.07498995       -0.22046351       -0.00222444
       -0.08265066       0.04476759       -0.00063088
       0.17184808       0.18963819       0.00000000
       0.17184808       0.18963819       -0.00000000
       -0.00642602       0.00352789       -0.00000000
       0.19103630       0.11866113       -0.00000000
       0.19103630       0.11866113       0.00000000
       -0.00642602       0.00352789       0.00000000
       -0.35624825       -0.52855496       -0.00000000
       -0.07026716       0.26165992       0.00000000
vibration 20
       0.10938584       0.06527181       0.00000000
       -0.00840011       -0.00000000       -0.00000000
       -0.00840011       -0.00000000       -0.00000000
       0.10938584       0.06527181       0.00000000
       0.02711239       0.03948359       0.00000000
       -0.09507602       -0.12518830       -0.00000000
       -0.09507602       -0.12518830       -0.00000000
       0.02711239       0.03948359       0.00000000
       -0.14923053       -0.16896070       -0.02096882
       -0.08644307       0.05344969       0.01993066
       -0.08644307       0.05344969       -0.01993066
       -0.14923053       -0.16896070       0.02096882
       -0.14923053       -0.16896070       -0.02096882
       -0.08644307       0.05344969       0.01993066
       -0.08644307       0.05344969       -0.01993066
       -0.14923053       -0.16896070       0.02096882
       -0.09231936       -0.10398898       -0.00000000
       -0.09231936       -0.10398898       -0.00000000
       0.22131063       0.25053454       0.00000000
       0.21452459       0.14897642       0.00000000
       0.21452459       0.14897642       0.00000000
       0.22131063       0.25053454       0.00000000
       -0.15904605       -0.02574165       0.00000000
       -0.24919945       -0.42285746       -0.00000000
vibration 21
       0.00000000       -0.00840011       -0.00000000
       -0.06527181       0.10938584       0.00000000
       -0.06527181       0.10938584       0.00000000
       0.00000000       -0.00840011       -0.00000000
       0.12518830       -0.09507602       -0.00000000
       -0.03948359       0.02711239       0.00000000
       -0.03948359       0.02711239       0.00000000
       0.12518830       -0.09507602       -0.00000000
       -0.05344969       -0.08644307       -0.01993066
       0.16896070       -0.14923053       -0.02096882
       0.16896070       -0.14923053       0.02096882
       -0.05344969       -0.08644307       0.01993066
       -0.05344969       -0.08644307       -0.01993066
       0.16896070       -0.14923053       -0.02096882
       0.16896070       -0.14923053       0.02096882
       -0.05344969       -0.08644307       0.01993066
       0.10398898       -0.09231936       0.00000000
       0.10398898       -0.09231936       0.00000000
       -0.14897642       0.21452459       -0.00000000
       -0.25053454       0.22131063       0.00000000
       -0.25053454       0.22131063       0.00000000
       -0.14897642       0.21452459       -0.00000000
       0.42285746       -0.24919945       -0.00000000
       0.02574165       -0.15904605       0.00000000
vibration 22
       0.00000000       0.00000000       -0.20464956
       0.00000000       -0.00000000       0.20464956
       0.00000000       -0.00000000       0.20464956
       0.00000000       0.00000000       -0.20464956
       -0.00000000       0.00000000       -0.10440769
       0.00000000       -0.00000000       0.10440769
       0.00000000       -0.00000000       0.10440769
       -0.00000000       0.00000000       -0.10440769
       -0.17085862       -0.19469349       -0.01780076
       -0.19469349       0.17085862       0.01780076
       0.19469349       -0.17085862       0.01780076
       0.17085862       0.19469349       -0.01780076
       -0.17085862       -0.19469349       -0.01780076
       -0.19469349       0.17085862       0.01780076
       0.19469349       -0.17085862       0.01780076
       0.17085862       0.19469349       -0.01780076
       -0.00000000       0.00000000       -0.00000000
       -0.00000000       0.00000000       0.00000000
       0.00000000       -0.00000000       -0.01372976
       0.00000000       -0.00000000       0.01372976
       0.00000000       -0.00000000       0.01372976
       0.00000000       -0.00000000       -0.01372976
       -0.00000000       0.00000000       -0.35270073
       -0.00000000       0.00000000       0.35270073
vibration 23
       -0.00637267       -0.01406143       0.00000000
       0.01406143       -0.00637267       -0.00000000
       -0.01406143       0.00637267       -0.00000000
       0.00637267       0.01406143       -0.00000000
       -0.16556861       -0.07463452       -0.00000000
       0.07463452       -0.16556861       -0.00000000
       -0.07463452       0.16556861       -0.00000000
       0.16556861       0.07463452       -0.00000000
       -0.28501330       -0.14554207       -0.01234665
       0.14554207       -0.28501330       -0.01234665
       -0.14554207       0.28501330       -0.01234665
       0.28501330       0.14554207       -0.01234665
       0.28501330       0.14554207       0.01234665
       -0.14554207       0.28501330       0.01234665
       0.14554207       -0.28501330       0.01234665
       -0.28501330       -0.14554207       0.01234665
       -0.00000000       0.00000000       -0.00000000
       -0.00000000       0.00000000       0.00000000
       -0.03246129       0.10290588       0.00000000
       -0.10290588       -0.03246129       0.00000000
       0.10290588       0.03246129       0.00000000
       0.03246129       -0.10290588       0.00000000
       -0.00000000       0.00000000       0.00000000
       0.00000000       0.00000000       -0.00000000
vibration 24
       -0.00000000       -0.00000000       -0.29551626
       -0.00000000       0.00000000       -0.29551626
       -0.00000000       0.00000000       -0.29551626
       -0.00000000       -0.00000000       -0.29551626
       0.00000000       -0.00000000       0.00333242
       0.00000000       0.00000000       0.00333242
       0.00000000       -0.00000000       0.00333242
       -0.00000000       -0.00000000       0.00333242
       -0.08961116       -0.20331579       -0.12422556
       0.20331579       -0.08961116       -0.12422556
       -0.20331579       0.08961116       -0.12422556
       0.08961116       0.20331579       -0.12422556
       -0.08961116       -0.20331579       -0.12422556
       0.20331579       -0.08961116       -0.12422556
       -0.20331579       0.08961116       -0.12422556
       0.08961116       0.20331579       -0.12422556
       0.00000000       -0.00000000       -0.00370180
       0.00000000       -0.00000000       -0.00370180
       0.00000000       -0.00000000       0.07627996
       -0.00000000       -0.00000000       0.07627996
       -0.00000000       0.00000000       0.07627996
       -0.00000000       -0.00000000       0.07627996
       0.00000000       -0.00000000       0.23338651
       0.00000000       0.00000000       0.23338651
vibration 25
       0.00161645       0.00246596       0.00000000
       0.00246596       -0.00161645       0.00000000
       -0.00246596       0.00161645       0.00000000
       -0.00161645       -0.00246596       0.00000000
       -0.06465969       -0.03909817       0.00000000
       -0.03909817       0.06465969       0.00000000
       0.03909817       -0.06465969       0.00000000
       0.06465969       0.03909817       0.00000000
       0.08660292       0.07722332       0.00274983
       0.07722332       -0.08660292       -0.00274983
       -0.07722332       0.08660292       -0.00274983
       -0.08660292       -0.07722332       0.00274983
       -0.08660292       -0.07722332       -0.00274983
       -0.07722332       0.08660292       0.00274983
       0.07722332       -0.08660292       0.00274983
       0.08660292       0.07722332       -0.00274983
       0.00000000       -0.00000000       -0.54702698
       0.00000000       -0.00000000       0.54702698
       0.25570823       -0.04830808       -0.00000000
       -0.04830808       -0.25570823       -0.00000000
       0.04830808       0.25570823       -0.00000000
       -0.25570823       0.04830808       -0.00000000
       0.00000000       -0.00000000       -0.00000000
       0.00000000       0.00000000       0.00000000
vibration 26
       0.00000000       -0.00000000       0.07524818
       0.00000000       -0.00000000       0.07524818
       0.00000000       -0.00000000       0.07524818
       0.00000000       0.00000000       0.07524818
       0.00000000       0.00000000       -0.17284630
       -0.00000000       -0.00000000       -0.17284630
       0.00000000       -0.00000000       -0.17284630
       -0.00000000       -0.00000000       -0.17284630
       -0.19299393       -0.01544779       -0.05553852
       0.01544779       -0.19299393       -0.05553852
       -0.01544779       0.19299393       -0.05553852
       0.19299393       0.01544779       -0.05553852
       -0.19299393       -0.01544779       -0.05553852
       0.01544779       -0.19299393       -0.05553852
       -0.01544779       0.19299393       -0.05553852
       0.19299393       0.01544779       -0.05553852
       -0.00000000       0.00000000       0.19304858
       -0.00000000       0.00000000       0.19304858
       0.00000000       -0.00000000       0.19144022
       0.00000000       -0.00000000       0.19144022
       0.00000000       -0.00000000       0.19144022
       -0.00000000       0.00000000       0.19144022
       -0.00000000       0.00000000       -0.39506708
       -0.00000000       0.00000000       -0.39506708
vibration 27
       -0.00102605       -0.03234631       0.00000000
       -0.03234631       0.00102605       -0.00000000
       0.03234631       -0.00102605       -0.00000000
       0.00102605       0.03234631       0.00000000
       0.09217621       0.03002181       0.00000000
       0.03002181       -0.09217621       0.00000000
       -0.03002181       0.09217621       0.00000000
       -0.09217621       -0.03002181       0.00000000
       -0.21450316       -0.14262114       -0.03181502
       -0.14262114       0.21450316       0.03181502
       0.14262114       -0.21450316       0.03181502
       0.21450316       0.14262114       -0.03181502
       0.21450316       0.14262114       0.03181502
       0.14262114       -0.21450316       -0.03181502
       -0.14262114       0.21450316       -0.03181502
       -0.21450316       -0.14262114       0.03181502
       -0.00000000       -0.00000000       -0.39639046
       -0.00000000       -0.00000000       0.39639046
       -0.16174324       0.01010657       -0.00000000
       0.01010657       0.16174324       -0.00000000
       -0.01010657       -0.16174324       -0.00000000
       0.16174324       -0.01010657       -0.00000000
       -0.00000000       0.00000000       0.00000000
       0.00000000       0.00000000       0.00000000
vibration 28
       -0.00000000       -0.00000000       0.06510208
       0.00000000       -0.00000000       -0.06510208
       -0.00000000       0.00000000       -0.06510208
       0.00000000       -0.00000000       0.06510208
       0.00000000       0.00000000       0.13943067
       -0.00000000       0.00000000       -0.13943067
       0.00000000       0.00000000       -0.13943067
       -0.00000000       0.00000000       0.13943067
       -0.24341525       -0.02933540       -0.01714472
       -0.02933540       0.24341525       0.01714472
       0.02933540       -0.24341525       0.01714472
       0.24341525       0.02933540       -0.01714472
       -0.24341525       -0.02933540       -0.01714472
       -0.02933540       0.24341525       0.01714472
       0.02933540       -0.24341525       0.01714472
       0.24341525       0.02933540       -0.01714472
       0.00000000       0.00000000       -0.00000000
       -0.00000000       -0.00000000       -0.00000000
       -0.00000000       0.00000000       0.19576782
       -0.00000000       -0.00000000       -0.19576782
       0.00000000       0.00000000       -0.19576782
       0.00000000       -0.00000000       0.19576782
       -0.00000000       0.00000000       0.36656455
       -0.00000000       -0.00000000       -0.36656455
vibration 29
       -0.00000000       -0.00000000       0.23707671
       0.00000000       -0.00000000       -0.23707671
       -0.00000000       0.00000000       -0.23707671
       0.00000000       -0.00000000       0.23707671
       0.00000000       0.00000000       -0.21480646
       -0.00000000       0.00000000       0.21480646
       0.00000000       -0.00000000       0.21480646
       -0.00000000       -0.00000000       -0.21480646
       -0.13126691       0.04245861       0.18784621
       0.04245861       0.13126691       -0.18784621
       -0.04245861       -0.13126691       -0.18784621
       0.13126691       -0.04245861       0.18784621
       -0.13126691       0.04245861       0.18784621
       0.04245861       0.13126691       -0.18784621
       -0.04245861       -0.13126691       -0.18784621
       0.13126691       -0.04245861       0.18784621
       0.00000000       -0.00000000       -0.00000000
       -0.00000000       0.00000000       -0.00000000
       -0.00000000       0.00000000       -0.19739308
       -0.00000000       -0.00000000       0.19739308
       0.00000000       0.00000000       0.19739308
       0.00000000       -0.00000000       -0.19739308
       0.00000000       0.00000000       -0.00989120
       -0.00000000       0.00000000       0.00989120
vibration 30
       -0.00000000       0.00000000       -0.08857622
       0.00000000       0.00000000       -0.08857622
       0.00000000       0.00000000       -0.08857622
       -0.00000000       0.00000000       -0.08857622
       -0.00000000       0.00000000       -0.08738880
       -0.00000000       0.00000000       -0.08738880
       -0.00000000       -0.00000000       -0.08738880
       -0.00000000       -0.00000000       -0.08738880
       0.24420073       0.06401041       -0.16855134
       -0.06401041       0.24420073       -0.16855134
       0.06401041       -0.24420073       -0.16855134
       -0.24420073       -0.06401041       -0.16855134
       0.24420073       0.06401041       -0.16855134
       -0.06401041       0.24420073       -0.16855134
       0.06401041       -0.24420073       -0.16855134
       -0.24420073       -0.06401041       -0.16855134
       -0.00000000       -0.00000000       0.09146195
       0.00000000       0.00000000       0.09146195
       -0.00000000       0.00000000       0.19957028
       -0.00000000       -0.00000000       0.19957028
       0.00000000       0.00000000       0.19957028
       0.00000000       -0.00000000       0.19957028
       -0.00000000       -0.00000000       -0.11157730
       -0.00000000       0.00000000       -0.11157730
vibration 31
       0.06442079       0.03990262       0.00000000
       -0.03990262       0.06442079       -0.00000000
       0.03990262       -0.06442079       -0.00000000
       -0.06442079       -0.03990262       -0.00000000
       -0.07130311       -0.03538526       -0.00000000
       0.03538526       -0.07130311       0.00000000
       -0.03538526       0.07130311       -0.00000000
       0.07130311       0.03538526       -0.00000000
       -0.08563639       0.03795102       0.03603771
       -0.03795102       -0.08563639       0.03603771
       0.03795102       0.08563639       0.03603771
       0.08563639       -0.03795102       0.03603771
       0.08563639       -0.03795102       -0.03603771
       0.03795102       0.08563639       -0.03603771
       -0.03795102       -0.08563639       -0.03603771
       -0.08563639       0.03795102       -0.03603771
       -0.00000000       -0.00000000       -0.00000000
       0.00000000       0.00000000       0.00000000
       0.13630266       -0.44631592       0.00000000
       0.44631592       0.13630266       0.00000000
       -0.44631592       -0.13630266       0.00000000
       -0.13630266       0.44631592       -0.00000000
       -0.00000000       -0.00000000       0.00000000
       -0.00000000       -0.00000000       -0.00000000
vibration 32
       0.00000000       0.00000000       -0.11486170
       -0.00000000       0.00000000       0.32644940
       0.00000000       -0.00000000       -0.32644940
       0.00000000       -0.00000000       0.11486170
       -0.00000000       -0.00000000       -0.22854256
       0.00000000       -0.00000000       -0.04212330
       -0.00000000       0.00000000       0.04212330
       0.00000000       0.00000000       0.22854256
       0.08578299       -0.00010876       -0.05106440
       -0.12531012       -0.19854724       0.28886822
       -0.12531012       -0.19854724       -0.28886822
       0.08578299       -0.00010876       0.05106440
       -0.08578299       0.00010876       0.05106440
       0.12531012       0.19854724       -0.28886822
       0.12531012       0.19854724       0.28886822
       -0.08578299       0.00010876       -0.05106440
       0.03527277       0.09208351       0.00000000
       -0.03527277       -0.09208351       0.00000000
       0.00000000       -0.00000000       -0.04358102
       0.00000000       0.00000000       0.13243519
       -0.00000000       -0.00000000       -0.13243519
       -0.00000000       0.00000000       0.04358102
       0.00000000       -0.00000000       -0.00000000
       0.00000000       0.00000000       0.00000000
vibration 33
       0.00000000       0.00000000       -0.32644940
       -0.00000000       -0.00000000       -0.11486170
       -0.00000000       0.00000000       0.11486170
       -0.00000000       -0.00000000       0.32644940
       -0.00000000       -0.00000000       0.04212330
       0.00000000       -0.00000000       -0.22854256
       -0.00000000       0.00000000       0.22854256
       0.00000000       -0.00000000       -0.04212330
       0.19854724       -0.12531012       -0.28886822
       0.00010876       0.08578299       -0.05106440
       0.00010876       0.08578299       0.05106440
       0.19854724       -0.12531012       0.28886822
       -0.19854724       0.12531012       0.28886822
       -0.00010876       -0.08578299       0.05106440
       -0.00010876       -0.08578299       -0.05106440
       -0.19854724       0.12531012       -0.28886822
       0.09208351       -0.03527277       0.00000000
       -0.09208351       0.03527277       -0.00000000
       0.00000000       -0.00000000       -0.13243519
       -0.00000000       0.00000000       -0.04358102
       0.00000000       -0.00000000       0.04358102
       -0.00000000       0.00000000       0.13243519
       0.00000000       -0.00000000       0.00000000
       0.00000000       -0.00000000       0.00000000
vibration 34
       -0.06927984       -0.01617935       -0.00000000
       -0.01617935       0.06927984       -0.00000000
       0.01617935       -0.06927984       0.00000000
       0.06927984       0.01617935       0.00000000
       -0.00255518       -0.00232905       0.00000000
       -0.00232905       0.00255518       -0.00000000
       0.00232905       -0.00255518       0.00000000
       0.00255518       0.00232905       -0.00000000
       0.09194577       -0.02484567       -0.01262404
       -0.02484567       -0.09194577       0.01262404
       0.02484567       0.09194577       0.01262404
       -0.09194577       0.02484567       -0.01262404
       -0.09194577       0.02484567       0.01262404
       0.02484567       0.09194577       -0.01262404
       -0.02484567       -0.09194577       -0.01262404
       0.09194577       -0.02484567       0.01262404
       0.00000000       -0.00000000       -0.08938189
       -0.00000000       0.00000000       0.08938189
       -0.05450591       0.46850798       -0.00000000
       0.46850798       0.05450591       -0.00000000
       -0.46850798       -0.05450591       0.00000000
       0.05450591       -0.46850798       0.00000000
       -0.00000000       0.00000000       -0.00000000
       -0.00000000       -0.00000000       -0.00000000
vibration 35
       -0.09952329       0.09977665       0.00000000
       0.07324366       0.00000000       -0.00000000
       0.07324366       -0.00000000       -0.00000000
       -0.09952329       0.09977665       -0.00000000
       -0.21330885       -0.12061184       -0.00000000
       -0.06172001       0.05373435       0.00000000
       -0.06172001       0.05373435       -0.00000000
       -0.21330885       -0.12061184       0.00000000
       0.14984493       0.09236556       0.00970567
       -0.03160630       0.24244324       -0.04775391
       -0.03160630       0.24244324       0.04775391
       0.14984493       0.09236556       -0.00970567
       0.14984493       0.09236556       0.00970567
       -0.03160630       0.24244324       -0.04775391
       -0.03160630       0.24244324       0.04775391
       0.14984493       0.09236556       -0.00970567
       0.09450154       0.09415781       -0.00000000
       0.09450154       0.09415781       -0.00000000
       -0.06805022       0.01284848       -0.00000000
       0.03693590       0.02414486       -0.00000000
       0.03693590       0.02414486       0.00000000
       -0.06805022       0.01284848       0.00000000
       0.21727300       -0.44101580       0.00000000
       -0.26575068       -0.28654389       -0.00000000
vibration 36
       0.00000000       -0.07324366       -0.00000000
       0.09977665       0.09952329       -0.00000000
       0.09977665       0.09952329       0.00000000
       0.00000000       -0.07324366       0.00000000
       0.05373435       0.06172001       0.00000000
       -0.12061184       0.21330885       0.00000000
       -0.12061184       0.21330885       0.00000000
       0.05373435       0.06172001       0.00000000
       0.24244324       0.03160630       -0.04775391
       0.09236556       -0.14984493       -0.00970567
       0.09236556       -0.14984493       0.00970567
       0.24244324       0.03160630       0.04775391
       0.24244324       0.03160630       -0.04775391
       0.09236556       -0.14984493       -0.00970567
       0.09236556       -0.14984493       0.00970567
       0.24244324       0.03160630       0.04775391
       0.09415781       -0.09450154       -0.00000000
       0.09415781       -0.09450154       -0.00000000
       0.02414486       -0.03693590       -0.00000000
       0.01284848       0.06805022       0.00000000
       0.01284848       0.06805022       0.00000000
       0.02414486       -0.03693590       0.00000000
       -0.28654389       0.26575068       -0.00000000
       -0.44101580       -0.21727300       0.00000000
vibration 37
       0.00000000       0.00000000       0.07365370
       -0.00000000       -0.00000000       -0.41422429
       -0.00000000       0.00000000       0.41422429
       -0.00000000       0.00000000       -0.07365370
       -0.00000000       0.00000000       0.33354467
       0.00000000       -0.00000000       0.05724778
       0.00000000       -0.00000000       -0.05724778
       -0.00000000       -0.00000000       -0.33354467
       -0.00375591       -0.00863909       -0.02547826
       -0.21244056       -0.10700338       0.20723929
       -0.21244056       -0.10700338       -0.20723929
       -0.00375591       -0.00863909       0.02547826
       0.00375591       0.00863909       0.02547826
       0.21244056       0.10700338       -0.20723929
       0.21244056       0.10700338       0.20723929
       0.00375591       0.00863909       -0.02547826
       -0.03740260       -0.03839224       -0.00000000
       0.03740260       0.03839224       -0.00000000
       0.00000000       0.00000000       -0.03390185
       0.00000000       0.00000000       0.06251647
       0.00000000       0.00000000       -0.06251647
       0.00000000       -0.00000000       0.03390185
       -0.00000000       0.00000000       -0.00000000
       0.00000000       0.00000000       -0.00000000
vibration 38
       0.00000000       -0.00000000       0.41422429
       -0.00000000       -0.00000000       0.07365370
       -0.00000000       -0.00000000       -0.07365370
       0.00000000       -0.00000000       -0.41422429
       0.00000000       0.00000000       -0.05724778
       0.00000000       -0.00000000       0.33354467
       0.00000000       -0.00000000       -0.33354467
       0.00000000       0.00000000       0.05724778
       0.10700338       -0.21244056       -0.20723929
       0.00863909       -0.00375591       -0.02547826
       0.00863909       -0.00375591       0.02547826
       0.10700338       -0.21244056       0.20723929
       -0.10700338       0.21244056       0.20723929
       -0.00863909       0.00375591       0.02547826
       -0.00863909       0.00375591       -0.02547826
       -0.10700338       0.21244056       -0.20723929
       -0.03839224       0.03740260       -0.00000000
       0.03839224       -0.03740260       0.00000000
       0.00000000       -0.00000000       -0.06251647
       -0.00000000       -0.00000000       -0.03390185
       0.00000000       -0.00000000       0.03390185
       0.00000000       -0.00000000       0.06251647
       -0.00000000       0.00000000       -0.00000000
       0.00000000       0.00000000       -0.00000000
vibration 39
       0.00000000       -0.00000000       0.04970073
       -0.00000000       0.00000000       0.04970073
       -0.00000000       0.00000000       0.04970073
       -0.00000000       -0.00000000       0.04970073
       0.00000000       0.00000000       0.40955035
       0.00000000       -0.00000000       0.40955035
       0.00000000       -0.00000000       0.40955035
       0.00000000       0.00000000       0.40955035
       0.01331238       -0.08136471       -0.05021940
       0.08136471       0.01331238       -0.05021940
       -0.08136471       -0.01331238       -0.05021940
       -0.01331238       0.08136471       -0.05021940
       0.01331238       -0.08136471       -0.05021940
       0.08136471       0.01331238       -0.05021940
       -0.08136471       -0.01331238       -0.05021940
       -0.01331238       0.08136471       -0.05021940
       0.00000000       -0.00000000       -0.12210597
       -0.00000000       -0.00000000       -0.12210597
       -0.00000000       -0.00000000       0.07787415
       -0.00000000       -0.00000000       0.07787415
       0.00000000       -0.00000000       0.07787415
       -0.00000000       -0.00000000       0.07787415
       0.00000000       -0.00000000       -0.30867519
       -0.00000000       0.00000000       -0.30867519
vibration 40
       -0.00000000       -0.00000000       0.16081951
       -0.00000000       -0.00000000       -0.16081951
       -0.00000000       -0.00000000       -0.16081951
       -0.00000000       -0.00000000       0.16081951
       0.00000000       0.00000000       -0.33272195
       0.00000000       -0.00000000       0.33272195
       0.00000000       -0.00000000       0.33272195
       0.00000000       0.00000000       -0.33272195
       0.05965290       -0.11346156       -0.16438107
       -0.11346156       -0.05965290       0.16438107
       0.11346156       0.05965290       0.16438107
       -0.05965290       0.11346156       -0.16438107
       0.05965290       -0.11346156       -0.16438107
       -0.11346156       -0.05965290       0.16438107
       0.11346156       0.05965290       0.16438107
       -0.05965290       0.11346156       -0.16438107
       0.00000000       -0.00000000       0.00000000
       -0.00000000       -0.00000000       0.00000000
       -0.00000000       -0.00000000       0.10995601
       0.00000000       0.00000000       -0.10995601
       0.00000000       0.00000000       -0.10995601
       -0.00000000       0.00000000       0.10995601
       0.00000000       0.00000000       0.16992120
       -0.00000000       -0.00000000       -0.16992120
vibration 41
       -0.00000000       -0.00000000       -0.12404235
       -0.00000000       0.00000000       0.24884106
       -0.00000000       0.00000000       -0.24884106
       -0.00000000       -0.00000000       0.12404235
       0.00000000       0.00000000       0.45571837
       0.00000000       -0.00000000       0.19599658
       0.00000000       -0.00000000       -0.19599658
       0.00000000       0.00000000       -0.45571837
       0.08843593       0.14291115       -0.06577062
       0.16509448       -0.16125277       -0.03878674
       0.16509448       -0.16125277       0.03878674
       0.08843593       0.14291115       0.06577062
       -0.08843593       -0.14291115       0.06577062
       -0.16509448       0.16125277       0.03878674
       -0.16509448       0.16125277       -0.03878674
       -0.08843593       -0.14291115       -0.06577062
       -0.03181997       -0.01302303       0.00000000
       0.03181997       0.01302303       0.00000000
       -0.00000000       -0.00000000       -0.01079797
       0.00000000       0.00000000       -0.02514671
       0.00000000       0.00000000       0.02514671
       -0.00000000       -0.00000000       0.01079797
       0.00000000       -0.00000000       0.00000000
       -0.00000000       -0.00000000       -0.00000000
vibration 42
       0.00000000       -0.00000000       0.24884106
       0.00000000       0.00000000       0.12404235
       0.00000000       -0.00000000       -0.12404235
       0.00000000       -0.00000000       -0.24884106
       0.00000000       -0.00000000       0.19599658
       -0.00000000       0.00000000       -0.45571837
       -0.00000000       0.00000000       0.45571837
       0.00000000       0.00000000       -0.19599658
       -0.16125277       -0.16509448       -0.03878674
       0.14291115       -0.08843593       0.06577062
       0.14291115       -0.08843593       -0.06577062
       -0.16125277       -0.16509448       0.03878674
       0.16125277       0.16509448       0.03878674
       -0.14291115       0.08843593       -0.06577062
       -0.14291115       0.08843593       0.06577062
       0.16125277       0.16509448       -0.03878674
       0.01302303       -0.03181997       0.00000000
       -0.01302303       0.03181997       -0.00000000
       -0.00000000       0.00000000       -0.02514671
       0.00000000       -0.00000000       0.01079797
       0.00000000       -0.00000000       -0.01079797
       -0.00000000       0.00000000       0.02514671
       0.00000000       -0.00000000       0.00000000
       0.00000000       0.00000000       0.00000000
vibration 43
       0.02938109       0.03514512       -0.00000000
       0.12234038       0.00000000       0.00000000
       0.12234038       -0.00000000       -0.00000000
       0.02938109       0.03514512       0.00000000
       -0.22735588       -0.06652772       0.00000000
       -0.07214588       0.37331074       0.00000000
       -0.07214588       0.37331074       -0.00000000
       -0.22735588       -0.06652772       -0.00000000
       -0.06418644       -0.24509800       -0.18182085
       0.08071910       0.05987499       -0.10101153
       0.08071910       0.05987499       0.10101153
       -0.06418644       -0.24509800       0.18182085
       -0.06418644       -0.24509800       -0.18182085
       0.08071910       0.05987499       -0.10101153
       0.08071910       0.05987499       0.10101153
       -0.06418644       -0.24509800       0.18182085
       -0.02059279       0.01381274       -0.00000000
       -0.02059279       0.01381274       0.00000000
       0.04986910       0.02937583       0.00000000
       -0.02046105       -0.12111002       -0.00000000
       -0.02046105       -0.12111002       0.00000000
       0.04986910       0.02937583       0.00000000
       -0.06678864       -0.01002695       0.00000000
       0.12334246       0.19079925       -0.00000000
vibration 44
       0.00000000       0.12234038       0.00000000
       -0.03514512       0.02938109       0.00000000
       -0.03514512       0.02938109       -0.00000000
       -0.00000000       0.12234038       -0.00000000
       -0.37331074       -0.07214588       0.00000000
       0.06652772       -0.22735588       -0.00000000
       0.06652772       -0.22735588       0.00000000
       -0.37331074       -0.07214588       -0.00000000
       -0.05987499       0.08071910       0.10101153
       0.24509800       -0.06418644       -0.18182085
       0.24509800       -0.06418644       0.18182085
       -0.05987499       0.08071910       -0.10101153
       -0.05987499       0.08071910       0.10101153
       0.24509800       -0.06418644       -0.18182085
       0.24509800       -0.06418644       0.18182085
       -0.05987499       0.08071910       -0.10101153
       -0.01381274       -0.02059279       -0.00000000
       -0.01381274       -0.02059279       -0.00000000
       0.12111002       -0.02046105       -0.00000000
       -0.02937583       0.04986910       -0.00000000
       -0.02937583       0.04986910       0.00000000
       0.12111002       -0.02046105       0.00000000
       -0.19079925       0.12334246       0.00000000
       0.01002695       -0.06678864       -0.00000000
vibration 45
       0.03850073       0.03348763       0.00000000
       -0.03348763       0.03850073       0.00000000
       0.03348763       -0.03850073       0.00000000
       -0.03850073       -0.03348763       0.00000000
       0.14164115       0.06029173       -0.00000000
       -0.06029173       0.14164115       -0.00000000
       0.06029173       -0.14164115       -0.00000000
       -0.14164115       -0.06029173       0.00000000
       -0.15769945       0.23476546       0.16291583
       -0.23476546       -0.15769945       0.16291583
       0.23476546       0.15769945       0.16291583
       0.15769945       -0.23476546       0.16291583
       0.15769945       -0.23476546       -0.16291583
       0.23476546       0.15769945       -0.16291583
       -0.23476546       -0.15769945       -0.16291583
       -0.15769945       0.23476546       -0.16291583
       -0.00000000       -0.00000000       0.00000000
       -0.00000000       -0.00000000       -0.00000000
       -0.03004283       0.09871866       -0.00000000
       -0.09871866       -0.03004283       -0.00000000
       0.09871866       0.03004283       -0.00000000
       0.03004283       -0.09871866       -0.00000000
       0.00000000       0.00000000       0.00000000
       0.00000000       -0.00000000       0.00000000
vibration 46
       -0.00000000       -0.00000000       0.36071699
       0.00000000       0.00000000       0.36071699
       0.00000000       0.00000000       0.36071699
       0.00000000       -0.00000000       0.36071699
       -0.00000000       0.00000000       -0.05800653
       0.00000000       0.00000000       -0.05800653
       -0.00000000       0.00000000       -0.05800653
       -0.00000000       -0.00000000       -0.05800653
       0.02646395       -0.13523513       -0.16817079
       0.13523513       0.02646395       -0.16817079
       -0.13523513       -0.02646395       -0.16817079
       -0.02646395       0.13523513       -0.16817079
       0.02646395       -0.13523513       -0.16817079
       0.13523513       0.02646395       -0.16817079
       -0.13523513       -0.02646395       -0.16817079
       -0.02646395       0.13523513       -0.16817079
       -0.00000000       0.00000000       0.00351807
       -0.00000000       -0.00000000       0.00351807
       0.00000000       -0.00000000       -0.07847046
       0.00000000       -0.00000000       -0.07847046
       0.00000000       -0.00000000       -0.07847046
       0.00000000       0.00000000       -0.07847046
       0.00000000       0.00000000       0.17784322
       0.00000000       -0.00000000       0.17784322
vibration 47
       -0.04323629       0.03897200       0.00000000
       0.03897200       0.04323629       0.00000000
       -0.03897200       -0.04323629       0.00000000
       0.04323629       -0.03897200       0.00000000
       -0.35577935       -0.18233181       -0.00000000
       -0.18233181       0.35577935       0.00000000
       0.18233181       -0.35577935       -0.00000000
       0.35577935       0.18233181       -0.00000000
       -0.17047696       0.06599995       0.08104658
       0.06599995       0.17047696       -0.08104658
       -0.06599995       -0.17047696       -0.08104658
       0.17047696       -0.06599995       0.08104658
       0.17047696       -0.06599995       -0.08104658
       -0.06599995       -0.17047696       0.08104658
       0.06599995       0.17047696       0.08104658
       -0.17047696       0.06599995       -0.08104658
       0.00000000       -0.00000000       0.04106748
       0.00000000       -0.00000000       -0.04106748
       0.01419801       0.07595556       -0.00000000
       0.07595556       -0.01419801       -0.00000000
       -0.07595556       0.01419801       -0.00000000
       -0.01419801       -0.07595556       -0.00000000
       0.00000000       0.00000000       0.00000000
       -0.00000000       0.00000000       0.00000000
vibration 48
       0.28779907       -0.07239405       -0.00000000
       -0.02377849       0.00000001       -0.00000000
       -0.02377849       0.00000001       -0.00000000
       0.28779907       -0.07239405       -0.00000000
       0.32651031       0.00409115       0.00000000
       -0.00164115       0.07502989       0.00000000
       -0.00164115       0.07502989       0.00000000
       0.32651031       0.00409115       0.00000000
       -0.05529570       0.06962708       0.04370006
       0.16807221       0.18814442       -0.14135404
       0.16807221       0.18814442       0.14135404
       -0.05529570       0.06962708       -0.04370006
       -0.05529570       0.06962708       0.04370006
       0.16807221       0.18814442       -0.14135404
       0.16807221       0.18814442       0.14135404
       -0.05529570       0.06962708       -0.04370006
       -0.00982737       0.02631521       0.00000000
       -0.00982737       0.02631521       -0.00000000
       -0.12085879       -0.03023525       0.00000000
       -0.01247193       -0.03632829       0.00000000
       -0.01247193       -0.03632829       0.00000000
       -0.12085879       -0.03023525       0.00000000
       -0.37159337       -0.19236004       -0.00000000
       0.07775251       -0.08799744       -0.00000000
vibration 49
       0.00000001       0.02377849       0.00000000
       -0.07239405       -0.28779907       0.00000000
       -0.07239405       -0.28779907       0.00000000
       0.00000001       0.02377849       0.00000000
       0.07502989       0.00164115       0.00000000
       0.00409115       -0.32651031       -0.00000000
       0.00409115       -0.32651031       -0.00000000
       0.07502989       0.00164115       -0.00000000
       0.18814442       -0.16807221       -0.14135404
       0.06962708       0.05529570       -0.04370006
       0.06962708       0.05529570       0.04370006
       0.18814442       -0.16807221       0.14135404
       0.18814442       -0.16807221       -0.14135404
       0.06962708       0.05529570       -0.04370006
       0.06962708       0.05529570       0.04370006
       0.18814442       -0.16807221       0.14135404
       0.02631521       0.00982737       -0.00000000
       0.02631521       0.00982737       0.00000000
       -0.03632829       0.01247193       -0.00000000
       -0.03023525       0.12085879       -0.00000000
       -0.03023525       0.12085879       -0.00000000
       -0.03632829       0.01247193       -0.00000000
       -0.08799744       -0.07775251       0.00000000
       -0.19236004       0.37159337       0.00000000
vibration 50
       -0.09002733       0.11113496       -0.00000000
       -0.11113496       -0.09002733       0.00000000
       0.11113496       0.09002733       0.00000000
       0.09002733       -0.11113496       -0.00000000
       -0.37818151       -0.15276719       -0.00000000
       0.15276719       -0.37818151       0.00000000
       -0.15276719       0.37818151       0.00000000
       0.37818151       0.15276719       -0.00000000
       0.08190082       0.10765403       0.09432706
       -0.10765403       0.08190082       0.09432706
       0.10765403       -0.08190082       0.09432706
       -0.08190082       -0.10765403       0.09432706
       -0.08190082       -0.10765403       -0.09432706
       0.10765403       -0.08190082       -0.09432706
       -0.10765403       0.08190082       -0.09432706
       0.08190082       0.10765403       -0.09432706
       0.00000000       0.00000000       0.00000000
       0.00000000       -0.00000000       -0.00000000
       0.04130718       0.08419796       0.00000000
       -0.08419796       0.04130718       -0.00000000
       0.08419796       -0.04130718       -0.00000000
       -0.04130718       -0.08419796       0.00000000
       0.00000000       0.00000000       0.00000000
       0.00000000       -0.00000000       -0.00000000
vibration 51
       0.06604809       -0.04847398       0.00000000
       -0.04847398       -0.06604809       -0.00000000
       0.04847398       0.06604809       -0.00000000
       -0.06604809       0.04847398       0.00000000
       0.16197412       0.13828352       0.00000000
       0.13828352       -0.16197412       -0.00000000
       -0.13828352       0.16197412       -0.00000000
       -0.16197412       -0.13828352       0.00000000
       -0.08601487       0.26019035       0.13229634
       0.26019035       0.08601487       -0.13229634
       -0.26019035       -0.08601487       -0.13229634
       0.08601487       -0.26019035       0.13229634
       0.08601487       -0.26019035       -0.13229634
       -0.26019035       -0.08601487       0.13229634
       0.26019035       0.08601487       0.13229634
       -0.08601487       0.26019035       -0.13229634
       -0.00000000       0.00000000       -0.05398573
       -0.00000000       0.00000000       0.05398573
       -0.08541594       0.06306395       -0.00000000
       0.06306395       0.08541594       0.00000000
       -0.06306395       -0.08541594       0.00000000
       0.08541594       -0.06306395       -0.00000000
       -0.00000000       -0.00000000       -0.00000000
       0.00000000       -0.00000000       0.00000000
vibration 52
       -0.00000000       0.00000000       0.31675194
       0.00000000       0.00000000       -0.31675194
       -0.00000000       -0.00000000       -0.31675194
       0.00000000       -0.00000000       0.31675194
       -0.00000000       -0.00000000       0.24241025
       -0.00000000       -0.00000000       -0.24241025
       0.00000000       -0.00000000       -0.24241025
       0.00000000       0.00000000       0.24241025
       0.00169673       -0.12274396       -0.10334983
       -0.12274396       -0.00169673       0.10334983
       0.12274396       0.00169673       0.10334983
       -0.00169673       0.12274396       -0.10334983
       0.00169673       -0.12274396       -0.10334983
       -0.12274396       -0.00169673       0.10334983
       0.12274396       0.00169673       0.10334983
       -0.00169673       0.12274396       -0.10334983
       0.00000000       0.00000000       0.00000000
       -0.00000000       -0.00000000       -0.00000000
       0.00000000       -0.00000000       -0.12980512
       -0.00000000       -0.00000000       0.12980512
       0.00000000       0.00000000       0.12980512
       -0.00000000       0.00000000       -0.12980512
       -0.00000000       -0.00000000       -0.21239502
       -0.00000000       0.00000000       0.21239502
vibration 53
       0.00000000       0.00000000       -0.10116362
       0.00000000       0.00000000       -0.04759403
       0.00000000       0.00000000       0.04759403
       -0.00000000       0.00000000       0.10116362
       0.00000000       0.00000000       0.06068959
       0.00000000       -0.00000000       0.09266413
       0.00000000       -0.00000000       -0.09266413
       0.00000000       0.00000000       -0.06068959
       0.17167518       -0.21320951       0.25478120
       0.20337181       0.10965462       0.20517757
       0.20337181       0.10965462       -0.20517757
       0.17167518       -0.21320951       -0.25478120
       -0.17167518       0.21320951       -0.25478120
       -0.20337181       -0.10965462       -0.20517757
       -0.20337181       -0.10965462       0.20517757
       -0.17167518       0.21320951       0.25478120
       0.00441234       -0.00123228       -0.00000000
       -0.00441234       0.00123228       -0.00000000
       -0.00000000       -0.00000000       -0.03706515
       0.00000000       -0.00000000       -0.05642404
       0.00000000       -0.00000000       0.05642404
       -0.00000000       -0.00000000       0.03706515
       -0.00000000       -0.00000000       0.00000000
       -0.00000000       0.00000000       -0.00000000
vibration 54
       -0.00000000       -0.00000000       0.04759403
       -0.00000000       -0.00000000       -0.10116362
       0.00000000       -0.00000000       0.10116362
       -0.00000000       -0.00000000       -0.04759403
       -0.00000000       0.00000000       -0.09266413
       -0.00000000       0.00000000       0.06068959
       -0.00000000       0.00000000       -0.06068959
       0.00000000       -0.00000000       0.09266413
       -0.10965462       0.20337181       -0.20517757
       0.21320951       0.17167518       0.25478120
       0.21320951       0.17167518       -0.25478120
       -0.10965462       0.20337181       0.20517757
       0.10965462       -0.20337181       0.20517757
       -0.21320951       -0.17167518       -0.25478120
       -0.21320951       -0.17167518       0.25478120
       0.10965462       -0.20337181       -0.20517757
       -0.00123228       -0.00441234       0.00000000
       0.00123228       0.00441234       0.00000000
       0.00000000       0.00000000       0.05642404
       -0.00000000       0.00000000       -0.03706515
       -0.00000000       0.00000000       0.03706515
       0.00000000       0.00000000       -0.05642404
       -0.00000000       0.00000000       0.00000000
       0.00000000       -0.00000000       -0.00000000
vibration 55
       0.53078643       -0.06134790       0.00000000
       0.06242657       0.00000000       -0.00000000
       0.06242657       -0.00000000       -0.00000000
       0.53078643       -0.06134790       0.00000000
       -0.17169179       -0.27577349       -0.00000000
       0.03360104       -0.06684621       0.00000000
       0.03360104       -0.06684621       -0.00000000
       -0.17169179       -0.27577349       0.00000000
       0.03139863       0.02005552       -0.03678099
       -0.11004900       -0.03285435       0.04225917
       -0.11004900       -0.03285435       -0.04225917
       0.03139863       0.02005552       0.03678099
       0.03139863       0.02005552       -0.03678099
       -0.11004900       -0.03285435       0.04225917
       -0.11004900       -0.03285435       -0.04225917
       0.03139863       0.02005552       0.03678099
       0.04874732       0.01143048       -0.00000000
       0.04874732       0.01143048       0.00000000
       -0.16505608       0.00548900       -0.00000000
       -0.01129181       0.02529274       0.00000000
       -0.01129181       0.02529274       0.00000000
       -0.16505608       0.00548900       -0.00000000
       0.12608283       0.21634524       -0.00000000
       -0.06509426       0.00736580       0.00000000
vibration 56
       -0.00000000       0.06242657       0.00000000
       0.06134790       0.53078643       0.00000000
       0.06134790       0.53078643       -0.00000000
       -0.00000000       0.06242657       -0.00000000
       0.06684621       0.03360104       -0.00000000
       0.27577349       -0.17169179       -0.00000000
       0.27577349       -0.17169179       0.00000000
       0.06684621       0.03360104       -0.00000000
       0.03285435       -0.11004900       -0.04225917
       -0.02005552       0.03139863       -0.03678099
       -0.02005552       0.03139863       0.03678099
       0.03285435       -0.11004900       0.04225917
       0.03285435       -0.11004900       -0.04225917
       -0.02005552       0.03139863       -0.03678099
       -0.02005552       0.03139863       0.03678099
       0.03285435       -0.11004900       0.04225917
       -0.01143048       0.04874732       -0.00000000
       -0.01143048       0.04874732       0.00000000
       -0.02529274       -0.01129181       0.00000000
       -0.00548900       -0.16505608       0.00000000
       -0.00548900       -0.16505608       -0.00000000
       -0.02529274       -0.01129181       -0.00000000
       -0.00736580       -0.06509426       0.00000000
       -0.21634524       0.12608283       -0.00000000
vibration 57
       -0.00000000       0.00000000       0.01739252
       0.00000000       0.00000000       -0.01739252
       -0.00000000       0.00000000       -0.01739252
       0.00000000       0.00000000       0.01739252
       0.00000000       -0.00000000       -0.06254739
       0.00000000       -0.00000000       0.06254739
       0.00000000       0.00000000       0.06254739
       -0.00000000       0.00000000       -0.06254739
       -0.12250767       0.23514641       -0.19982247
       0.23514641       0.12250767       0.19982247
       -0.23514641       -0.12250767       0.19982247
       0.12250767       -0.23514641       -0.19982247
       -0.12250767       0.23514641       -0.19982247
       0.23514641       0.12250767       0.19982247
       -0.23514641       -0.12250767       0.19982247
       0.12250767       -0.23514641       -0.19982247
       -0.00000000       -0.00000000       -0.00000000
       -0.00000000       0.00000000       -0.00000000
       -0.00000000       -0.00000000       -0.02168181
       0.00000000       -0.00000000       0.02168181
       -0.00000000       -0.00000000       0.02168181
       -0.00000000       -0.00000000       -0.02168181
       -0.00000000       -0.00000000       -0.22294959
       -0.00000000       0.00000000       0.22294959
vibration 58
       0.26532643       -0.29784566       -0.00000000
       0.29784566       0.26532643       0.00000000
       -0.29784566       -0.26532643       -0.00000000
       -0.26532643       0.29784566       -0.00000000
       -0.18372349       0.20115335       0.00000000
       -0.20115335       -0.18372349       0.00000000
       0.20115335       0.18372349       0.00000000
       0.18372349       -0.20115335       0.00000000
       0.03536883       -0.00606481       0.07791094
       0.00606481       0.03536883       0.07791094
       -0.00606481       -0.03536883       0.07791094
       -0.03536883       0.00606481       0.07791094
       -0.03536883       0.00606481       -0.07791094
       -0.00606481       -0.03536883       -0.07791094
       0.00606481       0.03536883       -0.07791094
       0.03536883       -0.00606481       -0.07791094
       -0.00000000       -0.00000000       -0.00000000
       -0.00000000       -0.00000000       0.00000000
       -0.04312242       0.00988005       0.00000000
       -0.00988005       -0.04312242       -0.00000000
       0.00988005       0.04312242       -0.00000000
       0.04312242       -0.00988005       0.00000000
       0.00000000       -0.00000000       0.00000000
       0.00000000       0.00000000       0.00000000
vibration 59
       -0.00000000       -0.00000000       -0.00567922
       -0.00000000       -0.00000000       -0.00567922
       0.00000000       0.00000000       -0.00567922
       0.00000000       0.00000000       -0.00567922
       -0.00000000       -0.00000000       0.13198286
       0.00000000       0.00000000       0.13198286
       -0.00000000       -0.00000000       0.13198286
       -0.00000000       0.00000000       0.13198286
       -0.13663499       0.23273357       -0.18269452
       -0.23273357       -0.13663499       -0.18269452
       0.23273357       0.13663499       -0.18269452
       0.13663499       -0.23273357       -0.18269452
       -0.13663499       0.23273357       -0.18269452
       -0.23273357       -0.13663499       -0.18269452
       0.23273357       0.13663499       -0.18269452
       0.13663499       -0.23273357       -0.18269452
       0.00000000       -0.00000000       -0.01486937
       -0.00000000       0.00000000       -0.01486937
       0.00000000       -0.00000000       -0.00901334
       0.00000000       -0.00000000       -0.00901334
       0.00000000       -0.00000000       -0.00901334
       -0.00000000       0.00000000       -0.00901334
       -0.00000000       0.00000000       0.19966891
       0.00000000       0.00000000       0.19966891
vibration 60
       -0.21845270       0.38916178       -0.00000000
       0.38916178       0.21845270       -0.00000000
       -0.38916178       -0.21845270       0.00000000
       0.21845270       -0.38916178       -0.00000000
       0.17734950       -0.11362286       0.00000000
       -0.11362286       -0.17734950       0.00000000
       0.11362286       0.17734950       -0.00000000
       -0.17734950       0.11362286       0.00000000
       -0.02507293       0.01342776       0.04408895
       0.01342776       0.02507293       -0.04408895
       -0.01342776       -0.02507293       -0.04408895
       0.02507293       -0.01342776       0.04408895
       0.02507293       -0.01342776       -0.04408895
       -0.01342776       -0.02507293       0.04408895
       0.01342776       0.02507293       0.04408895
       -0.02507293       0.01342776       -0.04408895
       0.00000000       -0.00000000       -0.00167062
       0.00000000       -0.00000000       0.00167062
       0.03097834       -0.00137566       0.00000000
       -0.00137566       -0.03097834       -0.00000000
       0.00137566       0.03097834       0.00000000
       -0.03097834       0.00137566       -0.00000000
       -0.00000000       0.00000000       0.00000000
       0.00000000       0.00000000       -0.00000000
vibration 61
       0.00000000       -0.10736044       0.00000000
       -0.51723108       0.19863535       0.00000000
       -0.51723108       0.19863535       -0.00000000
       0.00000000       -0.10736044       -0.00000000
       -0.08363813       -0.09817682       -0.00000000
       -0.23886804       -0.01666472       -0.00000000
       -0.23886804       -0.01666472       -0.00000000
       -0.08363813       -0.09817682       -0.00000000
       0.04871235       0.02533678       -0.09209629
       0.07560121       0.04264386       0.11613636
       0.07560121       0.04264386       -0.11613636
       0.04871235       0.02533678       0.09209629
       0.04871235       0.02533678       -0.09209629
       0.07560121       0.04264386       0.11613636
       0.07560121       0.04264386       -0.11613636
       0.04871235       0.02533678       0.09209629
       0.02510274       0.01438485       -0.00000000
       0.02510274       0.01438485       0.00000000
       0.01075425       0.03254305       0.00000000
       0.15207717       -0.10496855       0.00000000
       0.15207717       -0.10496855       0.00000000
       0.01075425       0.03254305       0.00000000
       -0.04447908       0.00294348       -0.00000000
       0.09583763       0.03846920       -0.00000000
vibration 62
       0.19863535       0.51723108       0.00000000
       -0.10736044       -0.00000000       -0.00000000
       -0.10736044       -0.00000000       0.00000000
       0.19863535       0.51723108       -0.00000000
       -0.01666472       0.23886804       -0.00000000
       -0.09817682       0.08363813       0.00000000
       -0.09817682       0.08363813       -0.00000000
       -0.01666472       0.23886804       0.00000000
       0.04264386       -0.07560121       0.11613636
       0.02533678       -0.04871235       0.09209629
       0.02533678       -0.04871235       -0.09209629
       0.04264386       -0.07560121       -0.11613636
       0.04264386       -0.07560121       0.11613636
       0.02533678       -0.04871235       0.09209629
       0.02533678       -0.04871235       -0.09209629
       0.04264386       -0.07560121       -0.11613636
       0.01438485       -0.02510274       0.00000000
       0.01438485       -0.02510274       -0.00000000
       -0.10496855       -0.15207717       0.00000000
       0.03254305       -0.01075425       -0.00000000
       0.03254305       -0.01075425       -0.00000000
       -0.10496855       -0.15207717       -0.00000000
       0.03846920       -0.09583763       0.00000000
       0.00294348       0.04447908       -0.00000000
vibration 63
       -0.26621120       -0.36479482       0.00000000
       0.36479482       -0.26621120       0.00000000
       -0.36479482       0.26621120       0.00000000
       0.26621120       0.36479482       -0.00000000
       0.00355208       -0.12079503       -0.00000000
       0.12079503       0.00355208       0.00000000
       -0.12079503       -0.00355208       0.00000000
       -0.00355208       0.12079503       -0.00000000
       -0.02827068       0.09735701       -0.06426445
       -0.09735701       -0.02827068       -0.06426445
       0.09735701       0.02827068       -0.06426445
       0.02827068       -0.09735701       -0.06426445
       0.02827068       -0.09735701       0.06426445
       0.09735701       0.02827068       0.06426445
       -0.09735701       -0.02827068       0.06426445
       -0.02827068       0.09735701       0.06426445
       0.00000000       0.00000000       0.00000000
       0.00000000       0.00000000       -0.00000000
       -0.01422193       -0.04934509       0.00000000
       0.04934509       -0.01422193       -0.00000000
       -0.04934509       0.01422193       -0.00000000
       0.01422193       0.04934509       0.00000000
       0.00000000       -0.00000000       0.00000000
       -0.00000000       0.00000000       -0.00000000
vibration 64
       0.42666033       0.24446830       0.00000000
       0.24446830       -0.42666033       0.00000000
       -0.24446830       0.42666033       0.00000000
       -0.42666033       -0.24446830       -0.00000000
       -0.01598559       -0.00533852       -0.00000000
       -0.00533852       0.01598559       0.00000000
       0.00533852       -0.01598559       -0.00000000
       0.01598559       0.00533852       -0.00000000
       -0.00060568       -0.03634946       0.00957516
       -0.03634946       0.00060568       -0.00957516
       0.03634946       -0.00060568       -0.00957516
       0.00060568       0.03634946       0.00957516
       0.00060568       0.03634946       -0.00957516
       0.03634946       -0.00060568       0.00957516
       -0.03634946       0.00060568       0.00957516
       -0.00060568       -0.03634946       -0.00957516
       0.00000000       0.00000000       -0.00904535
       0.00000000       0.00000000       0.00904535
       0.01565875       0.06927768       0.00000000
       0.06927768       -0.01565875       -0.00000000
       -0.06927768       0.01565875       -0.00000000
       -0.01565875       -0.06927768       0.00000000
       -0.00000000       0.00000000       0.00000000
       -0.00000000       0.00000000       -0.00000000
vibration 65
       0.00000000       0.03063946       0.00000000
       0.05116984       0.12032972       0.00000000
       0.05116984       0.12032972       -0.00000000
       0.00000000       0.03063946       0.00000000
       0.08534037       0.02387083       0.00000000
       -0.41568652       -0.12558000       0.00000000
       -0.41568652       -0.12558000       -0.00000000
       0.08534037       0.02387083       0.00000000
       0.04442013       0.00160307       0.02697750
       -0.15922246       -0.05251868       -0.30981137
       -0.15922246       -0.05251868       0.30981137
       0.04442013       0.00160307       -0.02697750
       0.04442013       0.00160307       0.02697750
       -0.15922246       -0.05251868       -0.30981137
       -0.15922246       -0.05251868       0.30981137
       0.04442013       0.00160307       -0.02697750
       0.01186285       -0.00451612       0.00000000
       0.01186285       -0.00451612       0.00000000
       -0.00903946       -0.00996471       -0.00000000
       0.02797627       -0.04400593       0.00000000
       0.02797627       -0.04400593       0.00000000
       -0.00903946       -0.00996471       -0.00000000
       0.13958643       0.07396056       -0.00000000
       0.16319866       0.07869603       0.00000000
vibration 66
       -0.12032972       0.05116984       -0.00000000
       -0.03063946       0.00000000       -0.00000000
       -0.03063946       0.00000000       -0.00000000
       -0.12032972       0.05116984       -0.00000000
       0.12558000       -0.41568652       0.00000000
       -0.02387083       0.08534037       -0.00000000
       -0.02387083       0.08534037       -0.00000000
       0.12558000       -0.41568652       0.00000000
       0.05251868       -0.15922246       0.30981137
       -0.00160307       0.04442013       0.02697750
       -0.00160307       0.04442013       -0.02697750
       0.05251868       -0.15922246       -0.30981137
       0.05251868       -0.15922246       0.30981137
       -0.00160307       0.04442013       0.02697750
       -0.00160307       0.04442013       -0.02697750
       0.05251868       -0.15922246       -0.30981137
       0.00451612       0.01186285       0.00000000
       0.00451612       0.01186285       -0.00000000
       0.04400593       0.02797627       0.00000000
       0.00996471       -0.00903946       0.00000000
       0.00996471       -0.00903946       0.00000000
       0.04400593       0.02797627       0.00000000
       -0.07869603       0.16319866       0.00000000
       -0.07396056       0.13958643       -0.00000000
vibration 67
       -0.30611752       0.02906561       0.00000000
       -0.02906561       -0.30611752       0.00000000
       0.02906561       0.30611752       -0.00000000
       0.30611752       -0.02906561       0.00000000
       -0.02949582       0.29466903       -0.00000000
       -0.29466903       -0.02949582       -0.00000000
       0.29466903       0.02949582       -0.00000000
       0.02949582       -0.29466903       -0.00000000
       0.00528950       -0.09573528       0.15097386
       0.09573528       0.00528950       0.15097386
       -0.09573528       -0.00528950       0.15097386
       -0.00528950       0.09573528       0.15097386
       -0.00528950       0.09573528       -0.15097386
       -0.09573528       -0.00528950       -0.15097386
       0.09573528       0.00528950       -0.15097386
       0.00528950       -0.09573528       -0.15097386
       0.00000000       0.00000000       0.00000000
       0.00000000       0.00000000       -0.00000000
       -0.01645997       -0.05919309       0.00000000
       0.05919309       -0.01645997       -0.00000000
       -0.05919309       0.01645997       -0.00000000
       0.01645997       0.05919309       -0.00000000
       -0.00000000       0.00000000       0.00000000
       0.00000000       0.00000000       -0.00000000
vibration 68
       0.08516789       -0.16591324       0.00000000
       -0.16591324       -0.08516789       -0.00000000
       0.16591324       0.08516789       0.00000000
       -0.08516789       0.16591324       -0.00000000
       0.17790275       -0.37531803       -0.00000000
       -0.37531803       -0.17790275       -0.00000000
       0.37531803       0.17790275       -0.00000000
       -0.17790275       0.37531803       0.00000000
       0.03296523       -0.04095497       0.13614167
       -0.04095497       -0.03296523       -0.13614167
       0.04095497       0.03296523       -0.13614167
       -0.03296523       0.04095497       0.13614167
       -0.03296523       0.04095497       -0.13614167
       0.04095497       0.03296523       0.13614167
       -0.04095497       -0.03296523       0.13614167
       0.03296523       -0.04095497       -0.13614167
       -0.00000000       -0.00000000       0.00350563
       -0.00000000       -0.00000000       -0.00350563
       -0.00899655       -0.00468941       0.00000000
       -0.00468941       0.00899655       0.00000000
       0.00468941       -0.00899655       0.00000000
       0.00899655       0.00468941       -0.00000000
       0.00000000       0.00000000       -0.00000000
       -0.00000000       0.00000000       -0.00000000
vibration 69
       -0.12316363       0.36830879       0.00000000
       0.04078729       -0.00000000       -0.00000000
       0.04078729       -0.00000000       0.00000000
       -0.12316363       0.36830879       0.00000000
       0.20288774       -0.33119625       -0.00000000
       0.00109291       -0.03662867       0.00000000
       0.00109291       -0.03662867       -0.00000000
       0.20288774       -0.33119625       0.00000000
       -0.06010293       0.11923340       -0.24351806
       -0.00261744       -0.00844586       0.01824969
       -0.00261744       -0.00844586       -0.01824969
       -0.06010293       0.11923340       0.24351806
       -0.06010293       0.11923340       -0.24351806
       -0.00261744       -0.00844586       0.01824969
       -0.00261744       -0.00844586       -0.01824969
       -0.06010293       0.11923340       0.24351806
       -0.00792803       -0.00493428       -0.00000000
       -0.00792803       -0.00493428       0.00000000
       0.02569241       -0.10074737       0.00000000
       -0.01283532       0.01173517       -0.00000000
       -0.01283532       0.01173517       0.00000000
       0.02569241       -0.10074737       -0.00000000
       -0.08377019       0.16475834       0.00000000
       0.07391215       -0.13581862       -0.00000000
vibration 70
       -0.00000000       -0.04078729       0.00000000
       0.36830879       0.12316363       -0.00000000
       0.36830879       0.12316363       0.00000000
       -0.00000000       -0.04078729       -0.00000000
       -0.03662867       -0.00109291       -0.00000000
       -0.33119625       -0.20288774       -0.00000000
       -0.33119625       -0.20288774       -0.00000000
       -0.03662867       -0.00109291       -0.00000000
       -0.00844586       0.00261744       0.01824969
       0.11923340       0.06010293       0.24351806
       0.11923340       0.06010293       -0.24351806
       -0.00844586       0.00261744       -0.01824969
       -0.00844586       0.00261744       0.01824969
       0.11923340       0.06010293       0.24351806
       0.11923340       0.06010293       -0.24351806
       -0.00844586       0.00261744       -0.01824969
       -0.00493428       0.00792803       -0.00000000
       -0.00493428       0.00792803       0.00000000
       0.01173517       0.01283532       -0.00000000
       -0.10074737       -0.02569241       -0.00000000
       -0.10074737       -0.02569241       0.00000000
       0.01173517       0.01283532       0.00000000
       -0.13581862       -0.07391215       0.00000000
       0.16475834       0.08377019       -0.00000000
vibration 71
       0.03527679       -0.09188915       0.00000000
       0.09188915       0.03527679       0.00000000
       -0.09188915       -0.03527679       0.00000000
       -0.03527679       0.09188915       -0.00000000
       0.13523902       -0.27014038       0.00000000
       0.27014038       0.13523902       0.00000000
       -0.27014038       -0.13523902       -0.00000000
       -0.13523902       0.27014038       -0.00000000
       0.05218426       -0.12860885       0.23454221
       0.12860885       0.05218426       0.23454221
       -0.12860885       -0.05218426       0.23454221
       -0.05218426       0.12860885       0.23454221
       -0.05218426       0.12860885       -0.23454221
       -0.12860885       -0.05218426       -0.23454221
       0.12860885       0.05218426       -0.23454221
       0.05218426       -0.12860885       -0.23454221
       0.00000000       -0.00000000       0.00000000
       0.00000000       -0.00000000       -0.00000000
       -0.01824831       -0.01290569       0.00000000
       0.01290569       -0.01824831       -0.00000000
       -0.01290569       0.01824831       0.00000000
       0.01824831       0.01290569       0.00000000
       0.00000000       0.00000000       0.00000000
       -0.00000000       -0.00000000       -0.00000000
vibration 72
       -0.04344634       0.01914900       -0.00000000
       0.01914900       0.04344634       -0.00000000
       -0.01914900       -0.04344634       -0.00000000
       0.04344634       -0.01914900       -0.00000000
       -0.07770846       0.18977991       0.00000000
       0.18977991       0.07770846       -0.00000000
       -0.18977991       -0.07770846       -0.00000000
       0.07770846       -0.18977991       0.00000000
       0.05853076       -0.13962430       0.28136412
       -0.13962430       -0.05853076       -0.28136412
       0.13962430       0.05853076       -0.28136412
       -0.05853076       0.13962430       0.28136412
       -0.05853076       0.13962430       -0.28136412
       0.13962430       0.05853076       0.28136412
       -0.13962430       -0.05853076       0.28136412
       0.05853076       -0.13962430       -0.28136412
       0.00000000       0.00000000       -0.03336830
       0.00000000       0.00000000       0.03336830
       0.00668246       -0.03026895       0.00000000
       -0.03026895       -0.00668246       0.00000000
       0.03026895       0.00668246       0.00000000
       -0.00668246       0.03026895       -0.00000000
       0.00000000       -0.00000000       0.00000000
       -0.00000000       0.00000000       -0.00000000
